1.218590 -0.034549 0.055975 0.000000 0.285157 -0.480197 -0.018789 0.000000 -0.011751 0.018858 -0.024972 0.000000 -0.025729 0.009088 -0.014662 0.000000 -0.011647 0.013910 -0.027864 0.000000 0.284833 0.230454 0.421600 0.000000 0.558064 -0.047695 0.047627 0.006022 0.047572 -0.047676
-0.034549 0.940592 -0.030203 0.000000 0.480236 -0.643595 -0.025127 0.000000 -0.031228 0.025286 -0.047493 0.000000 -0.009121 -0.014151 -0.016665 0.000000 0.012143 -0.004149 0.030450 0.000000 -0.223832 -0.051667 -0.316963 0.000000 -0.421273 -0.071395 0.073904 0.002149 -0.034235 0.031436
0.055975 -0.030203 0.970986 0.000000 0.011514 -0.023021 0.118256 0.000000 0.001887 0.015806 0.004245 0.000000 0.014637 -0.016635 0.002413 0.000000 0.028697 -0.032831 0.033693 0.000000 -0.425076 -0.319237 -0.474013 0.000000 0.678991 0.000374 0.001622 -0.003414 -0.065397 0.064087
0.000000 0.000000 0.000000 1.000530 0.000000 0.000000 0.000000 0.999612 0.000000 0.000000 0.000000 0.000632 0.000000 0.000000 0.000000 -1.000114 0.000000 0.000000 0.000000 -0.001115 0.000000 0.000000 0.000000 1.000124 0.000000 0.000000 0.000000 0.000000 0.000000 0.000000
0.285157 0.480236 0.011514 0.000000 1.218504 0.031085 0.058007 0.000000 0.285123 -0.256191 0.406573 0.000000 -0.011669 -0.012162 -0.028736 0.000000 -0.025679 -0.008143 -0.015160 0.000000 -0.011691 -0.017282 -0.026069 0.000000 -0.047800 0.558024 -0.047797 0.047587 0.006001 0.047583
-0.480197 -0.643595 -0.023021 0.000000 0.031085 0.936865 0.028171 0.000000 0.250249 -0.092870 0.341068 0.000000 -0.013931 -0.004165 -0.032871 0.000000 0.008157 -0.016103 0.015448 0.000000 0.031005 0.023320 0.048684 0.000000 0.071373 0.377358 -0.035555 0.038267 -0.001925 -0.073813
-0.018789 -0.025127 0.118256 0.000000 0.058007 0.028171 0.974543 0.000000 -0.410164 0.342724 -0.432406 0.000000 0.027837 0.030438 0.033656 0.000000 0.015154 0.015423 0.004425 0.000000 0.003869 -0.014561 0.006361 0.000000 0.004786 0.704378 0.062082 -0.063053 -0.003529 -0.003049
0.000000 0.000000 0.000000 0.999612 0.000000 0.000000 0.000000 1.000615 0.000000 0.000000 0.000000 1.000212 0.000000 0.000000 0.000000 -0.001109 0.000000 0.000000 0.000000 -1.000074 0.000000 0.000000 0.000000 0.000479 0.000000 0.000000 0.000000 0.000000 0.000000 0.000000
-0.011751 -0.031228 0.001887 0.000000 0.285123 0.250249 -0.410164 0.000000 1.218658 0.066027 0.002081 0.000000 0.284808 0.223795 0.425048 0.000000 -0.011707 -0.030983 -0.003836 0.000000 -0.025693 -0.017244 -0.000522 0.000000 0.047587 -0.047588 0.558225 -0.047540 0.047564 0.005958
0.018858 0.025286 0.015806 0.000000 -0.256191 -0.092870 0.342724 0.000000 0.066027 0.989427 0.002176 0.000000 -0.230530 -0.051738 -0.319320 0.000000 0.017313 0.023328 -0.014592 0.000000 0.017248 0.012784 0.001151 0.000000 -0.039488 0.039777 0.798490 0.036026 -0.035592 -0.003979
-0.024972 -0.047493 0.004245 0.000000 0.406573 0.341068 -0.432406 0.000000 0.002081 0.002176 0.922142 0.000000 -0.421580 -0.316907 -0.473987 0.000000 0.026104 0.048674 0.006315 0.000000 0.000556 0.001180 -0.024385 0.000000 0.062390 -0.059290 0.024501 0.061512 -0.064735 -0.000136
0.000000 0.000000 0.000000 0.000632 0.000000 0.000000 0.000000 1.000212 0.000000 0.000000 0.000000 0.998858 0.000000 0.000000 0.000000 0.999950 0.000000 0.000000 0.000000 0.000482 0.000000 0.000000 0.000000 -0.999490 0.000000 0.000000 0.000000 0.000000 0.000000 0.000000
-0.025729 -0.009121 0.014637 0.000000 -0.011669 -0.013931 0.027837 0.000000 0.284808 -0.230530 -0.421580 0.000000 1.218596 0.034626 -0.055958 0.000000 0.285254 0.480128 0.018579 0.000000 -0.011745 -0.018868 0.024974 0.000000 0.006018 0.047590 -0.047686 0.558066 -0.047751 0.047613
0.009088 -0.014151 -0.016635 0.000000 -0.012162 -0.004165 0.030438 0.000000 0.223795 -0.051738 -0.316907 0.000000 0.034626 0.940525 -0.030219 0.000000 -0.480369 -0.643513 -0.024826 0.000000 0.031213 0.025301 -0.047486 0.000000 -0.002135 0.034234 -0.031400 0.421291 0.071503 -0.073885
-0.014662 -0.016665 0.002413 0.000000 -0.028736 -0.032871 0.033656 0.000000 0.425048 -0.319320 -0.473987 0.000000 -0.055958 -0.030219 0.970970 0.000000 -0.011534 -0.022997 0.118318 0.000000 -0.001888 0.015805 0.004244 0.000000 0.003420 0.065436 -0.064087 -0.678971 -0.000304 -0.001629
0.000000 0.000000 0.000000 -1.000114 0.000000 0.000000 0.000000 -0.001109 0.000000 0.000000 0.000000 0.999950 0.000000 0.000000 0.000000 1.000537 0.000000 0.000000 0.000000 0.999878 0.000000 0.000000 0.000000 0.000631 0.000000 0.000000 0.000000 0.000000 0.000000 0.000000
-0.011647 0.012143 0.028697 0.000000 -0.025679 0.008157 0.015154 0.000000 -0.011707 0.017313 0.026104 0.000000 0.285254 -0.480369 -0.011534 0.000000 1.218501 -0.031003 -0.058041 0.000000 0.285001 0.256190 -0.406444 0.000000 0.047575 0.006002 0.047593 -0.047797 0.558021 -0.047774
0.013910 -0.004149 -0.032831 0.000000 -0.008143 -0.016103 0.015423 0.000000 -0.030983 0.023328 0.048674 0.000000 0.480128 -0.643513 -0.022997 0.000000 -0.031003 0.936855 0.028143 0.000000 -0.250098 -0.092840 0.340883 0.000000 -0.038241 0.001918 0.073780 -0.071373 -0.377891 0.035514
-0.027864 0.030450 0.033693 0.000000 -0.015160 0.015448 0.004425 0.000000 -0.003836 -0.014592 0.006315 0.000000 0.018579 -0.024826 0.118318 0.000000 -0.058041 0.028143 0.974585 0.000000 0.410308 0.342867 -0.432612 0.000000 0.063102 0.003533 0.002995 -0.004773 -0.704097 -0.062064
0.000000 0.000000 0.000000 -0.001115 0.000000 0.000000 0.000000 -1.000074 0.000000 0.000000 0.000000 0.000482 0.000000 0.000000 0.000000 0.999878 0.000000 0.000000 0.000000 1.000613 0.000000 0.000000 0.000000 0.999902 0.000000 0.000000 0.000000 0.000000 0.000000 0.000000
0.284833 -0.223832 -0.425076 0.000000 -0.011691 0.031005 0.003869 0.000000 -0.025693 0.017248 0.000556 0.000000 -0.011745 0.031213 -0.001888 0.000000 0.285001 -0.250098 0.410308 0.000000 1.218648 -0.065989 -0.002109 0.000000 -0.047515 0.047552 0.005963 0.047594 -0.047523 0.558217
0.230454 -0.051667 -0.319237 0.000000 -0.017282 0.023320 -0.014561 0.000000 -0.017244 0.012784 0.001180 0.000000 -0.018868 0.025301 0.015805 0.000000 0.256190 -0.092840 0.342867 0.000000 -0.065989 0.989452 0.002152 0.000000 -0.036005 0.035544 0.003982 0.039510 -0.039772 -0.798499
0.421600 -0.316963 -0.474013 0.000000 -0.026069 0.048684 0.006361 0.000000 -0.000522 0.001151 -0.024385 0.000000 0.024974 -0.047486 0.004244 0.000000 -0.406444 0.340883 -0.432612 0.000000 -0.002109 0.002152 0.922234 0.000000 -0.061508 0.064715 0.000123 -0.062396 0.059158 -0.024690
0.000000 0.000000 0.000000 1.000124 0.000000 0.000000 0.000000 0.000479 0.000000 0.000000 0.000000 -0.999490 0.000000 0.000000 0.000000 0.000631 0.000000 0.000000 0.000000 0.999902 0.000000 0.000000 0.000000 0.998847 0.000000 0.000000 0.000000 0.000000 0.000000 0.000000
0.558064 -0.421273 0.678991 0.000000 -0.047800 0.071373 0.004786 0.000000 0.047587 -0.039488 0.062390 0.000000 0.006018 -0.002135 0.003420 0.000000 0.047575 -0.038241 0.063102 0.000000 -0.047515 -0.036005 -0.061508 0.000000 0.869977 -0.024092 -0.028347 0.013918 -0.028291 -0.024027
-0.047695 -0.071395 0.000374 0.000000 0.558024 0.377358 0.704378 0.000000 -0.047588 0.039777 -0.059290 0.000000 0.047590 0.034234 0.065436 0.000000 0.006002 0.001918 0.003533 0.000000 0.047552 0.035544 0.064715 0.000000 -0.024092 0.869992 -0.024042 -0.028312 0.013929 -0.028294
0.047627 0.073904 0.001622 0.000000 -0.047797 -0.035555 0.062082 0.000000 0.558225 0.798490 0.024501 0.000000 -0.047686 -0.031400 -0.064087 0.000000 0.047593 0.073780 0.002995 0.000000 0.005963 0.003982 0.000123 0.000000 -0.028347 -0.024042 0.869685 -0.024014 -0.028309 0.014007
0.006022 0.002149 -0.003414 0.000000 0.047587 0.038267 -0.063053 0.000000 -0.047540 0.036026 0.061512 0.000000 0.558066 0.421291 -0.678971 0.000000 -0.047797 -0.071373 -0.004773 0.000000 0.047594 0.039510 -0.062396 0.000000 0.013918 -0.028312 -0.024014 0.869956 -0.024093 -0.028342
0.047572 -0.034235 -0.065397 0.000000 0.006001 -0.001925 -0.003529 0.000000 0.047564 -0.035592 -0.064735 0.000000 -0.047751 0.071503 -0.000304 0.000000 0.558021 -0.377891 -0.704097 0.000000 -0.047523 -0.039772 0.059158 0.000000 -0.028291 0.013929 -0.028309 -0.024093 0.869999 -0.024047
-0.047676 0.031436 0.064087 0.000000 0.047583 -0.073813 -0.003049 0.000000 0.005958 -0.003979 -0.000136 0.000000 0.047613 -0.073885 -0.001629 0.000000 -0.047774 0.035514 -0.062064 0.000000 0.558217 -0.798499 -0.024690 0.000000 -0.024027 -0.028294 0.014007 -0.028342 -0.024047 0.869717
