1.218590 -0.034550 0.055977 0.000000 0.285142 -0.480165 -0.018787 0.000000 -0.011752 0.018856 -0.024968 0.000000 -0.025696 0.009073 -0.014637 0.000000 -0.011648 0.013907 -0.027860 0.000000 0.284818 0.230439 0.421572 0.000000 0.558062 -0.047689 0.047625 0.006014 0.047571 -0.047671
-0.034550 0.940596 -0.030197 0.000000 0.480204 -0.643577 -0.025113 0.000000 -0.031223 0.025284 -0.047491 0.000000 -0.009106 -0.014168 -0.016659 0.000000 0.012140 -0.004147 0.030450 0.000000 -0.223817 -0.051658 -0.316971 0.000000 -0.421270 -0.071388 0.073907 0.002144 -0.034237 0.031432
0.055977 -0.030197 0.970984 0.000000 0.011514 -0.023034 0.118262 0.000000 0.001888 0.015809 0.004246 0.000000 0.014613 -0.016629 0.002390 0.000000 0.028693 -0.032831 0.033690 0.000000 -0.425047 -0.319218 -0.473998 0.000000 0.678987 0.000374 0.001624 -0.003407 -0.065398 0.064080
0.000000 0.000000 0.000000 1.000024 0.000000 0.000000 0.000000 0.666470 0.000000 0.000000 0.000000 0.000004 0.000000 0.000000 0.000000 -0.333481 0.000000 0.000000 0.000000 0.000008 0.000000 0.000000 0.000000 0.666790 0.000000 0.000000 0.000000 0.000000 0.000000 0.000000
0.285142 0.480204 0.011514 0.000000 1.218504 0.031086 0.058009 0.000000 0.285108 -0.256174 0.406546 0.000000 -0.011670 -0.012159 -0.028732 0.000000 -0.025646 -0.008129 -0.015134 0.000000 -0.011692 -0.017280 -0.026064 0.000000 -0.047795 0.558023 -0.047792 0.047586 0.005992 0.047581
-0.480165 -0.643577 -0.023034 0.000000 0.031086 0.936869 0.028165 0.000000 0.250232 -0.092860 0.341077 0.000000 -0.013928 -0.004163 -0.032871 0.000000 0.008143 -0.016119 0.015443 0.000000 0.031000 0.023318 0.048682 0.000000 0.071366 0.377355 -0.035551 0.038270 -0.001921 -0.073816
-0.018787 -0.025113 0.118262 0.000000 0.058009 0.028165 0.974540 0.000000 -0.410137 0.342706 -0.432391 0.000000 0.027833 0.030438 0.033653 0.000000 0.015128 0.015417 0.004402 0.000000 0.003870 -0.014563 0.006362 0.000000 0.004785 0.704373 0.062076 -0.063054 -0.003521 -0.003048
0.000000 0.000000 0.000000 0.666470 0.000000 0.000000 0.000000 0.999992 0.000000 0.000000 0.000000 0.666803 0.000000 0.000000 0.000000 0.000008 0.000000 0.000000 0.000000 -0.333455 0.000000 0.000000 0.000000 -0.000012 0.000000 0.000000 0.000000 0.000000 0.000000 0.000000
-0.011752 -0.031223 0.001888 0.000000 0.285108 0.250232 -0.410137 0.000000 1.218657 0.066029 0.002081 0.000000 0.284794 0.223780 0.425020 0.000000 -0.011708 -0.030978 -0.003836 0.000000 -0.025661 -0.017215 -0.000521 0.000000 0.047586 -0.047582 0.558224 -0.047535 0.047562 0.005949
0.018856 0.025284 0.015809 0.000000 -0.256174 -0.092860 0.342706 0.000000 0.066029 0.989420 0.002175 0.000000 -0.230514 -0.051728 -0.319301 0.000000 0.017311 0.023327 -0.014594 0.000000 0.017219 0.012757 0.001150 0.000000 -0.039488 0.039773 0.798485 0.036023 -0.035591 -0.003970
-0.024968 -0.047491 0.004246 0.000000 0.406546 0.341077 -0.432391 0.000000 0.002081 0.002175 0.922151 0.000000 -0.421552 -0.316915 -0.473971 0.000000 0.026099 0.048671 0.006315 0.000000 0.000555 0.001179 -0.024398 0.000000 0.062393 -0.059284 0.024501 0.061506 -0.064738 -0.000135
0.000000 0.000000 0.000000 0.000004 0.000000 0.000000 0.000000 0.666803 0.000000 0.000000 0.000000 0.999984 0.000000 0.000000 0.000000 0.666665 0.000000 0.000000 0.000000 -0.000012 0.000000 0.000000 0.000000 -0.333065 0.000000 0.000000 0.000000 0.000000 0.000000 0.000000
-0.025696 -0.009106 0.014613 0.000000 -0.011670 -0.013928 0.027833 0.000000 0.284794 -0.230514 -0.421552 0.000000 1.218596 0.034627 -0.055960 0.000000 0.285240 0.480096 0.018578 0.000000 -0.011746 -0.018865 0.024969 0.000000 0.006010 0.047589 -0.047680 0.558065 -0.047746 0.047611
0.009073 -0.014168 -0.016629 0.000000 -0.012159 -0.004163 0.030438 0.000000 0.223780 -0.051728 -0.316915 0.000000 0.034627 0.940528 -0.030212 0.000000 -0.480337 -0.643495 -0.024812 0.000000 0.031208 0.025299 -0.047484 0.000000 -0.002131 0.034237 -0.031397 0.421289 0.071496 -0.073888
-0.014637 -0.016659 0.002390 0.000000 -0.028732 -0.032871 0.033653 0.000000 0.425020 -0.319301 -0.473971 0.000000 -0.055960 -0.030212 0.970968 0.000000 -0.011533 -0.023010 0.118324 0.000000 -0.001889 0.015808 0.004245 0.000000 0.003413 0.065437 -0.064081 -0.678966 -0.000304 -0.001631
0.000000 0.000000 0.000000 -0.333481 0.000000 0.000000 0.000000 0.000008 0.000000 0.000000 0.000000 0.666665 0.000000 0.000000 0.000000 1.000024 0.000000 0.000000 0.000000 0.666595 0.000000 0.000000 0.000000 0.000004 0.000000 0.000000 0.000000 0.000000 0.000000 0.000000
-0.011648 0.012140 0.028693 0.000000 -0.025646 0.008143 0.015128 0.000000 -0.011708 0.017311 0.026099 0.000000 0.285240 -0.480337 -0.011533 0.000000 1.218501 -0.031004 -0.058043 0.000000 0.284986 0.256173 -0.406417 0.000000 0.047573 0.005994 0.047591 -0.047792 0.558019 -0.047769
0.013907 -0.004147 -0.032831 0.000000 -0.008129 -0.016119 0.015417 0.000000 -0.030978 0.023327 0.048671 0.000000 0.480096 -0.643495 -0.023010 0.000000 -0.031004 0.936860 0.028137 0.000000 -0.250081 -0.092830 0.340891 0.000000 -0.038244 0.001914 0.073783 -0.071366 -0.377889 0.035510
-0.027860 0.030450 0.033690 0.000000 -0.015134 0.015443 0.004402 0.000000 -0.003836 -0.014594 0.006315 0.000000 0.018578 -0.024812 0.118324 0.000000 -0.058043 0.028137 0.974582 0.000000 0.410281 0.342848 -0.432597 0.000000 0.063103 0.003526 0.002994 -0.004773 -0.704092 -0.062058
0.000000 0.000000 0.000000 0.000008 0.000000 0.000000 0.000000 -0.333455 0.000000 0.000000 0.000000 -0.000012 0.000000 0.000000 0.000000 0.666595 0.000000 0.000000 0.000000 0.999992 0.000000 0.000000 0.000000 0.666678 0.000000 0.000000 0.000000 0.000000 0.000000 0.000000
0.284818 -0.223817 -0.425047 0.000000 -0.011692 0.031000 0.003870 0.000000 -0.025661 0.017219 0.000555 0.000000 -0.011746 0.031208 -0.001889 0.000000 0.284986 -0.250081 0.410281 0.000000 1.218647 -0.065991 -0.002109 0.000000 -0.047510 0.047550 0.005954 0.047592 -0.047517 0.558216
0.230439 -0.051658 -0.319218 0.000000 -0.017280 0.023318 -0.014563 0.000000 -0.017215 0.012757 0.001179 0.000000 -0.018865 0.025299 0.015808 0.000000 0.256173 -0.092830 0.342848 0.000000 -0.065991 0.989445 0.002151 0.000000 -0.036002 0.035544 0.003973 0.039510 -0.039768 -0.798494
0.421572 -0.316971 -0.473998 0.000000 -0.026064 0.048682 0.006362 0.000000 -0.000521 0.001150 -0.024398 0.000000 0.024969 -0.047484 0.004245 0.000000 -0.406417 0.340891 -0.432597 0.000000 -0.002109 0.002151 0.922242 0.000000 -0.061502 0.064718 0.000122 -0.062399 0.059152 -0.024690
0.000000 0.000000 0.000000 0.666790 0.000000 0.000000 0.000000 -0.000012 0.000000 0.000000 0.000000 -0.333065 0.000000 0.000000 0.000000 0.000004 0.000000 0.000000 0.000000 0.666678 0.000000 0.000000 0.000000 0.999984 0.000000 0.000000 0.000000 0.000000 0.000000 0.000000
0.558062 -0.421270 0.678987 0.000000 -0.047795 0.071366 0.004785 0.000000 0.047586 -0.039488 0.062393 0.000000 0.006010 -0.002131 0.003413 0.000000 0.047573 -0.038244 0.063103 0.000000 -0.047510 -0.036002 -0.061502 0.000000 0.869976 -0.024091 -0.028347 0.013922 -0.028291 -0.024025
-0.047689 -0.071388 0.000374 0.000000 0.558023 0.377355 0.704373 0.000000 -0.047582 0.039773 -0.059284 0.000000 0.047589 0.034237 0.065437 0.000000 0.005994 0.001914 0.003526 0.000000 0.047550 0.035544 0.064718 0.000000 -0.024091 0.869991 -0.024041 -0.028312 0.013934 -0.028294
0.047625 0.073907 0.001624 0.000000 -0.047792 -0.035551 0.062076 0.000000 0.558224 0.798485 0.024501 0.000000 -0.047680 -0.031397 -0.064081 0.000000 0.047591 0.073783 0.002994 0.000000 0.005954 0.003973 0.000122 0.000000 -0.028347 -0.024041 0.869684 -0.024013 -0.028309 0.014012
0.006014 0.002144 -0.003407 0.000000 0.047586 0.038270 -0.063054 0.000000 -0.047535 0.036023 0.061506 0.000000 0.558065 0.421289 -0.678966 0.000000 -0.047792 -0.071366 -0.004773 0.000000 0.047592 0.039510 -0.062399 0.000000 0.013922 -0.028312 -0.024013 0.869955 -0.024092 -0.028342
0.047571 -0.034237 -0.065398 0.000000 0.005992 -0.001921 -0.003521 0.000000 0.047562 -0.035591 -0.064738 0.000000 -0.047746 0.071496 -0.000304 0.000000 0.558019 -0.377889 -0.704092 0.000000 -0.047517 -0.039768 0.059152 0.000000 -0.028291 0.013934 -0.028309 -0.024092 0.869998 -0.024046
-0.047671 0.031432 0.064080 0.000000 0.047581 -0.073816 -0.003048 0.000000 0.005949 -0.003970 -0.000135 0.000000 0.047611 -0.073888 -0.001631 0.000000 -0.047769 0.035510 -0.062058 0.000000 0.558216 -0.798494 -0.024690 0.000000 -0.024025 -0.028294 0.014012 -0.028342 -0.024046 0.869715
