1.218590 -0.034550 0.055978 0.000000 0.285142 -0.480165 -0.018788 0.000000 -0.011752 0.018856 -0.024967 0.000000 -0.025696 0.009073 -0.014637 0.000000 -0.011648 0.013907 -0.027860 0.000000 0.284818 0.230439 0.421572 0.000000 0.558063 -0.047689 0.047625 0.006014 0.047571 -0.047671
-0.034550 0.940596 -0.030197 0.000000 0.480203 -0.643578 -0.025113 0.000000 -0.031223 0.025284 -0.047491 0.000000 -0.009106 -0.014168 -0.016659 0.000000 0.012140 -0.004147 0.030450 0.000000 -0.223817 -0.051658 -0.316971 0.000000 -0.421270 -0.071389 0.073907 0.002144 -0.034237 0.031433
0.055978 -0.030197 0.970984 0.000000 0.011513 -0.023034 0.118262 0.000000 0.001888 0.015808 0.004246 0.000000 0.014613 -0.016629 0.002390 0.000000 0.028693 -0.032830 0.033690 0.000000 -0.425047 -0.319219 -0.473998 0.000000 0.678986 0.000374 0.001624 -0.003407 -0.065398 0.064080
0.000000 0.000000 0.000000 1.000024 0.000000 0.000000 0.000000 0.666471 0.000000 0.000000 0.000000 0.000004 0.000000 0.000000 0.000000 -0.333481 0.000000 0.000000 0.000000 0.000008 0.000000 0.000000 0.000000 0.666789 0.000000 0.000000 0.000000 0.000000 0.000000 0.000000
0.285142 0.480203 0.011513 0.000000 1.218505 0.031086 0.058010 0.000000 0.285108 -0.256174 0.406545 0.000000 -0.011669 -0.012159 -0.028732 0.000000 -0.025647 -0.008130 -0.015134 0.000000 -0.011692 -0.017280 -0.026064 0.000000 -0.047795 0.558024 -0.047792 0.047585 0.005992 0.047581
-0.480165 -0.643578 -0.023034 0.000000 0.031086 0.936870 0.028165 0.000000 0.250231 -0.092860 0.341077 0.000000 -0.013928 -0.004163 -0.032871 0.000000 0.008143 -0.016119 0.015443 0.000000 0.030999 0.023318 0.048681 0.000000 0.071366 0.377355 -0.035551 0.038270 -0.001921 -0.073816
-0.018788 -0.025113 0.118262 0.000000 0.058010 0.028165 0.974540 0.000000 -0.410137 0.342706 -0.432391 0.000000 0.027833 0.030438 0.033653 0.000000 0.015129 0.015418 0.004402 0.000000 0.003870 -0.014563 0.006362 0.000000 0.004785 0.704373 0.062076 -0.063054 -0.003521 -0.003048
0.000000 0.000000 0.000000 0.666471 0.000000 0.000000 0.000000 0.999992 0.000000 0.000000 0.000000 0.666802 0.000000 0.000000 0.000000 0.000008 0.000000 0.000000 0.000000 -0.333455 0.000000 0.000000 0.000000 -0.000012 0.000000 0.000000 0.000000 0.000000 0.000000 0.000000
-0.011752 -0.031223 0.001888 0.000000 0.285108 0.250231 -0.410137 0.000000 1.218658 0.066030 0.002081 0.000000 0.284793 0.223780 0.425020 0.000000 -0.011708 -0.030978 -0.003836 0.000000 -0.025661 -0.017216 -0.000521 0.000000 0.047586 -0.047583 0.558224 -0.047535 0.047562 0.005949
0.018856 0.025284 0.015808 0.000000 -0.256174 -0.092860 0.342706 0.000000 0.066030 0.989420 0.002175 0.000000 -0.230515 -0.051729 -0.319302 0.000000 0.017311 0.023326 -0.014594 0.000000 0.017219 0.012758 0.001150 0.000000 -0.039488 0.039773 0.798485 0.036023 -0.035591 -0.003970
-0.024967 -0.047491 0.004246 0.000000 0.406545 0.341077 -0.432391 0.000000 0.002081 0.002175 0.922151 0.000000 -0.421552 -0.316915 -0.473972 0.000000 0.026099 0.048671 0.006315 0.000000 0.000555 0.001179 -0.024398 0.000000 0.062393 -0.059284 0.024501 0.061506 -0.064738 -0.000135
0.000000 0.000000 0.000000 0.000004 0.000000 0.000000 0.000000 0.666802 0.000000 0.000000 0.000000 0.999984 0.000000 0.000000 0.000000 0.666665 0.000000 0.000000 0.000000 -0.000012 0.000000 0.000000 0.000000 -0.333065 0.000000 0.000000 0.000000 0.000000 0.000000 0.000000
-0.025696 -0.009106 0.014613 0.000000 -0.011669 -0.013928 0.027833 0.000000 0.284793 -0.230515 -0.421552 0.000000 1.218596 0.034628 -0.055961 0.000000 0.285239 0.480095 0.018578 0.000000 -0.011745 -0.018865 0.024969 0.000000 0.006010 0.047588 -0.047680 0.558065 -0.047746 0.047611
0.009073 -0.014168 -0.016629 0.000000 -0.012159 -0.004163 0.030438 0.000000 0.223780 -0.051729 -0.316915 0.000000 0.034628 0.940529 -0.030212 0.000000 -0.480337 -0.643496 -0.024812 0.000000 0.031207 0.025299 -0.047484 0.000000 -0.002131 0.034237 -0.031397 0.421288 0.071496 -0.073888
-0.014637 -0.016659 0.002390 0.000000 -0.028732 -0.032871 0.033653 0.000000 0.425020 -0.319302 -0.473972 0.000000 -0.055961 -0.030212 0.970968 0.000000 -0.011533 -0.023009 0.118324 0.000000 -0.001889 0.015808 0.004245 0.000000 0.003413 0.065437 -0.064081 -0.678966 -0.000304 -0.001631
0.000000 0.000000 0.000000 -0.333481 0.000000 0.000000 0.000000 0.000008 0.000000 0.000000 0.000000 0.666665 0.000000 0.000000 0.000000 1.000024 0.000000 0.000000 0.000000 0.666594 0.000000 0.000000 0.000000 0.000004 0.000000 0.000000 0.000000 0.000000 0.000000 0.000000
-0.011648 0.012140 0.028693 0.000000 -0.025647 0.008143 0.015129 0.000000 -0.011708 0.017311 0.026099 0.000000 0.285239 -0.480337 -0.011533 0.000000 1.218502 -0.031005 -0.058044 0.000000 0.284986 0.256173 -0.406416 0.000000 0.047573 0.005994 0.047591 -0.047792 0.558020 -0.047769
0.013907 -0.004147 -0.032830 0.000000 -0.008130 -0.016119 0.015418 0.000000 -0.030978 0.023326 0.048671 0.000000 0.480095 -0.643496 -0.023009 0.000000 -0.031005 0.936861 0.028137 0.000000 -0.250081 -0.092830 0.340891 0.000000 -0.038244 0.001915 0.073783 -0.071367 -0.377888 0.035510
-0.027860 0.030450 0.033690 0.000000 -0.015134 0.015443 0.004402 0.000000 -0.003836 -0.014594 0.006315 0.000000 0.018578 -0.024812 0.118324 0.000000 -0.058044 0.028137 0.974582 0.000000 0.410281 0.342849 -0.432597 0.000000 0.063103 0.003526 0.002994 -0.004773 -0.704092 -0.062058
0.000000 0.000000 0.000000 0.000008 0.000000 0.000000 0.000000 -0.333455 0.000000 0.000000 0.000000 -0.000012 0.000000 0.000000 0.000000 0.666594 0.000000 0.000000 0.000000 0.999992 0.000000 0.000000 0.000000 0.666679 0.000000 0.000000 0.000000 0.000000 0.000000 0.000000
0.284818 -0.223817 -0.425047 0.000000 -0.011692 0.030999 0.003870 0.000000 -0.025661 0.017219 0.000555 0.000000 -0.011745 0.031207 -0.001889 0.000000 0.284986 -0.250081 0.410281 0.000000 1.218648 -0.065992 -0.002109 0.000000 -0.047510 0.047550 0.005954 0.047592 -0.047518 0.558217
0.230439 -0.051658 -0.319219 0.000000 -0.017280 0.023318 -0.014563 0.000000 -0.017216 0.012758 0.001179 0.000000 -0.018865 0.025299 0.015808 0.000000 0.256173 -0.092830 0.342849 0.000000 -0.065992 0.989446 0.002151 0.000000 -0.036002 0.035544 0.003973 0.039510 -0.039768 -0.798493
0.421572 -0.316971 -0.473998 0.000000 -0.026064 0.048681 0.006362 0.000000 -0.000521 0.001150 -0.024398 0.000000 0.024969 -0.047484 0.004245 0.000000 -0.406416 0.340891 -0.432597 0.000000 -0.002109 0.002151 0.922243 0.000000 -0.061502 0.064718 0.000122 -0.062399 0.059152 -0.024690
0.000000 0.000000 0.000000 0.666789 0.000000 0.000000 0.000000 -0.000012 0.000000 0.000000 0.000000 -0.333065 0.000000 0.000000 0.000000 0.000004 0.000000 0.000000 0.000000 0.666679 0.000000 0.000000 0.000000 0.999984 0.000000 0.000000 0.000000 0.000000 0.000000 0.000000
0.558063 -0.421270 0.678986 0.000000 -0.047795 0.071366 0.004785 0.000000 0.047586 -0.039488 0.062393 0.000000 0.006010 -0.002131 0.003413 0.000000 0.047573 -0.038244 0.063103 0.000000 -0.047510 -0.036002 -0.061502 0.000000 0.869975 -0.024091 -0.028347 0.013922 -0.028291 -0.024025
-0.047689 -0.071389 0.000374 0.000000 0.558024 0.377355 0.704373 0.000000 -0.047583 0.039773 -0.059284 0.000000 0.047588 0.034237 0.065437 0.000000 0.005994 0.001915 0.003526 0.000000 0.047550 0.035544 0.064718 0.000000 -0.024091 0.869989 -0.024040 -0.028311 0.013934 -0.028294
0.047625 0.073907 0.001624 0.000000 -0.047792 -0.035551 0.062076 0.000000 0.558224 0.798485 0.024501 0.000000 -0.047680 -0.031397 -0.064081 0.000000 0.047591 0.073783 0.002994 0.000000 0.005954 0.003973 0.000122 0.000000 -0.028347 -0.024040 0.869682 -0.024013 -0.028309 0.014012
0.006014 0.002144 -0.003407 0.000000 0.047585 0.038270 -0.063054 0.000000 -0.047535 0.036023 0.061506 0.000000 0.558065 0.421288 -0.678966 0.000000 -0.047792 -0.071367 -0.004773 0.000000 0.047592 0.039510 -0.062399 0.000000 0.013922 -0.028311 -0.024013 0.869954 -0.024091 -0.028341
0.047571 -0.034237 -0.065398 0.000000 0.005992 -0.001921 -0.003521 0.000000 0.047562 -0.035591 -0.064738 0.000000 -0.047746 0.071496 -0.000304 0.000000 0.558020 -0.377888 -0.704092 0.000000 -0.047518 -0.039768 0.059152 0.000000 -0.028291 0.013934 -0.028309 -0.024091 0.869997 -0.024046
-0.047671 0.031433 0.064080 0.000000 0.047581 -0.073816 -0.003048 0.000000 0.005949 -0.003970 -0.000135 0.000000 0.047611 -0.073888 -0.001631 0.000000 -0.047769 0.035510 -0.062058 0.000000 0.558217 -0.798493 -0.024690 0.000000 -0.024025 -0.028294 0.014012 -0.028341 -0.024046 0.869714
